0 0.2046875 0.41875 0.2 0.2484375
0 0.41328125 0.340625 0.18203125 0.2109375
0 0.2640625 0.67421875 0.2296875 0.24609375
0 0.4765625 0.64140625 0.18515625 0.21640625
0 0.56953125 0.41015625 0.18359375 0.18828125
0 0.665625 0.30390625 0.2328125 0.21171875
0 0.85859375 0.26953125 0.22578125 0.29375
0 0.91328125 0.59140625 0.171875 0.17109375
0 0.69765625 0.66640625 0.2578125 0.2578125
0 0.07734375 0.70625 0.128125 0.171875
0 0.090625 0.9015625 0.18125 0.1671875
0 0.2875 0.8734375 0.23203125 0.196875
0 0.51640625 0.878125 0.2390625 0.24375
0 0.71875 0.9 0.2078125 0.190625
0 0.92265625 0.88515625 0.1546875 0.2296875
0 0.27109375 0.190625 0.19921875 0.2390625
0 0.41171875 0.0796875 0.1828125 0.159375
0 0.59140625 0.07890625 0.1828125 0.1578125
0 0.7671875 0.07890625 0.1640625 0.1140625
0 0.09140625 0.08671875 0.0921875 0.1734375
0 0.04921875 0.35625 0.0890625 0.20546875