3 0.10546875 0.32890625 0.21015625 0.14921875
3 0.121875 0.23359375 0.24375 0.11875
3 0.09453125 0.4625 0.1890625 0.1609375
3 0.59296875 0.3515625 0.6625 0.1484375
3 0.56640625 0.26328125 0.6671875 0.13828125
3 0.58125 0.1765625 0.6796875 0.103125
3 0.5078125 0.79296875 0.715625 0.1890625
3 0.50859375 0.6546875 0.63671875 0.14140625
3 0.5125 0.5609375 0.7140625 0.11015625
3 0.5625 0.46328125 0.65390625 0.14375
3 0.8984375 0.1484375 0.203125 0.078125
3 0.93515625 0.2078125 0.1296875 0.10078125
3 0.9109375 0.37578125 0.17734375 0.13671875
3 0.90625 0.296875 0.1875 0.046875
3 0.90625 0.5140625 0.1875 0.11875
3 0.90078125 0.63515625 0.1984375 0.0890625
3 0.9203125 0.73515625 0.15859375 0.0953125