3 0.25546875 0.10234375 0.31796875 0.2046875
3 0.7046875 0.1078125 0.58125 0.2125
3 0.70390625 0.3 0.5921875 0.08828125
3 0.25546875 0.26015625 0.475 0.13203125
3 0.3421875 0.38125 0.5609375 0.15859375
3 0.4296875 0.27578125 0.0078125 0.028125
3 0.68125 0.465625 0.5578125 0.11796875
3 0.67265625 0.63125 0.5578125 0.14296875
3 0.26015625 0.5765625 0.3765625 0.17265625
3 0.62109375 0.81875 0.584375 0.16640625
3 0.25234375 0.74453125 0.3515625 0.16328125
3 0.05390625 0.134375 0.1078125 0.10546875
3 0.05078125 0.25390625 0.1015625 0.1015625
3 0.0359375 0.39609375 0.071875 0.09921875
3 0.1046875 0.50625 0.20859375 0.0921875
3 0.1171875 0.63203125 0.19765625 0.10859375