3 0.16796875 0.48046875 0.3359375 0.9609375
3 0.2421875 0.5765625 0.27421875 0.840625
3 0.19453125 0.58984375 0.2765625 0.8203125
3 0.3671875 0.578125 0.265625 0.84375
3 0.31015625 0.5734375 0.2140625 0.853125
3 0.46875 0.52734375 0.234375 0.9453125
3 0.53125 0.60546875 0.1875 0.7890625
3 0.66640625 0.60625 0.1984375 0.7875
3 0.80546875 0.5765625 0.271875 0.846875
3 0.75078125 0.5859375 0.18359375 0.82734375
3 0.859375 0.56171875 0.21875 0.8765625
3 0.8984375 0.596875 0.1234375 0.80625
3 0.94140625 0.5390625 0.1171875 0.90625