3 0.18828125 0.21015625 0.3765625 0.4203125
3 0.3875 0.4578125 0.109375 0.11015625
3 0.40546875 0.634375 0.18359375 0.06953125
3 0.40625 0.5390625 0.09765625 0.07421875
3 0.259375 0.5484375 0.15625 0.08828125
3 0.134375 0.646875 0.221875 0.134375
3 0.1734375 0.57890625 0.23671875 0.08203125
3 0.14765625 0.53046875 0.27890625 0.0765625
3 0.17578125 0.47265625 0.2328125 0.05078125
3 0.3125 0.67109375 0.221875 0.0625
3 0.49375 0.4828125 0.1015625 0.08671875
3 0.540625 0.3921875 0.14609375 0.0734375
3 0.5984375 0.43203125 0.1546875 0.07578125
3 0.63828125 0.48046875 0.11953125 0.0953125