3 0.559375 0.37109375 0.54375 0.7
3 0.02265625 0.315625 0.0453125 0.465625
3 0.07109375 0.321875 0.07109375 0.47578125
3 0.12421875 0.334375 0.09140625 0.503125
3 0.19296875 0.33671875 0.046875 0.5234375
3 0.25234375 0.3328125 0.040625 0.4625
3 0.28515625 0.275 0.053125 0.40703125
3 0.34375 0.2984375 0.06640625 0.4375
3 0.315625 0.26875 0.0484375 0.4390625
3 0.43046875 0.18671875 0.053125 0.1875
3 0.4015625 0.19140625 0.015625 0.1984375
3 0.490625 0.15 0.07578125 0.15703125
3 0.5640625 0.10859375 0.07734375 0.13046875
3 0.64765625 0.1625 0.071875 0.16640625
3 0.69921875 0.165625 0.05625 0.18125
3 0.7578125 0.22890625 0.040625 0.34375
3 0.8125 0.26953125 0.0703125 0.39375
3 0.90859375 0.29140625 0.0828125 0.48125
3 0.98046875 0.2734375 0.0390625 0.484375